1 1.0
2 1.5
3 2.0
4 2.5
5 3.0
6 3.5
7 4.0
8 4.5
9 5.0
10 5.5
11 6.0
12 6.5
13 7.0
14 7.5
15 8.0
16 8.5
17 9.0
18 9.5
19 10.0
20 10.5
21 11.0
22 11.5
23 12.0
24 12.5
25 13.0
26 13.5
27 14.0
28 14.5
29 15.0
30 15.5
31 16.0
32 16.5
33 17.0
34 17.5
35 18.0
36 18.5
37 19.0
38 19.5
39 20.0
40 20.5
41 21.0
42 21.5
43 22.0
44 22.5
45 23.0
46 23.5
47 24.0
48 24.5
49 25.0
50 25.5
51 26.0
52 26.5
53 27.0
54 27.5
55 28.0
56 28.5
57 29.0
58 29.5
59 30.0
60 30.5
61 31.0
62 31.5
63 32.0
64 32.5
65 33.0
66 33.5
67 34.0
68 34.5
69 35.0
70 35.5
71 36.0
72 36.5
73 37.0
74 37.5
75 38.0
76 38.5
77 39.0
78 39.5
79 40.0
80 40.5
81 41.0
82 41.5
83 42.0
84 42.5
85 43.0
86 43.5
87 44.0
88 44.5
89 45.0
90 45.5
91 46.0
92 46.5
93 47.0
94 47.5
95 48.0
96 48.5
97 49.0
98 49.5
99 50.0
100 50.5
101 51.0
102 51.5
103 52.0
104 52.5
105 53.0
106 53.5
107 54.0
108 54.5
109 55.0
110 55.5
111 56.0
112 56.5
113 57.0
114 57.5
115 58.0
116 58.5
117 59.0
118 59.5
119 60.0
120 60.5
121 61.0
122 61.5
123 62.0
124 62.5
125 63.0
126 63.5
127 64.0
128 64.5
129 65.0
130 65.5
131 66.0
132 66.5
133 67.0
134 67.5
135 68.0
136 68.5
137 69.0
138 69.5
139 70.0
140 70.5
141 71.0
142 71.5
143 72.0
144 72.5
145 73.0
146 73.5
147 74.0
148 74.5
149 75.0
150 75.5
151 76.0
152 76.5
153 77.0
154 77.5
155 78.0
156 78.5
157 79.0
158 79.5
159 80.0
160 80.5
161 81.0
162 81.5
163 82.0
164 82.5
165 83.0
166 83.5
167 84.0
168 84.5
169 85.0
170 85.5
171 86.0
172 86.5
173 87.0
174 87.5
175 88.0
176 88.5
177 89.0
178 89.5
179 90.0
180 90.5
181 91.0
182 91.5
183 92.0
184 92.5
185 93.0
186 93.5
187 94.0
188 94.5
189 95.0
190 95.5
191 96.0
192 96.5
193 97.0
194 97.5
195 98.0
196 98.5
197 99.0
198 99.5
199 100.0
200 100.5
201 101.0
202 101.5
203 102.0
204 102.5
205 103.0
206 103.5
207 104.0
208 104.5
209 105.0
210 105.5
211 106.0
212 106.5
213 107.0
214 107.5
215 108.0
216 108.5
217 109.0
218 109.5
219 110.0
220 110.5
221 111.0
222 111.5
223 112.0
224 112.5
225 113.0
226 113.5
227 114.0
228 114.5
229 115.0
230 115.5
231 116.0
232 116.5
233 117.0
234 117.5
235 118.0
236 118.5
237 119.0
238 119.5
239 120.0
240 120.5
241 121.0
242 121.5
243 122.0
244 122.5
245 123.0
246 123.5
247 124.0
248 124.5
249 125.0
250 125.5
251 126.0
252 126.5
253 127.0
254 127.5
255 128.0
256 128.5
257 129.0
258 129.5
259 130.0
260 130.5
261 131.0
262 131.5
263 132.0
264 132.5
265 133.0
266 133.5
267 134.0
268 134.5
269 135.0
270 135.5
271 136.0
272 136.5
273 137.0
274 137.5
275 138.0
276 138.5
277 139.0
278 139.5
279 140.0
280 140.5
281 141.0
282 141.5
283 142.0
284 142.5
285 143.0
286 143.5
287 144.0
288 144.5
289 145.0
290 145.5
291 146.0
292 146.5
293 147.0
294 147.5
295 148.0
296 148.5
297 149.0
298 149.5
299 150.0
300 150.5
301 151.0
302 151.5
303 152.0
304 152.5
305 153.0
306 153.5
307 154.0
308 154.5
309 155.0
310 155.5
311 156.0
312 156.5
313 157.0
314 157.5
315 158.0
316 158.5
317 159.0
318 159.5
319 160.0
320 160.5
321 161.0
322 161.5
323 162.0
324 162.5
325 163.0
326 163.5
327 164.0
328 164.5
329 165.0
330 165.5
331 166.0
332 166.5
333 167.0
334 167.5
335 168.0
336 168.5
337 169.0
338 169.5
339 170.0
340 170.5
341 171.0
342 171.5
343 172.0
344 172.5
345 173.0
346 173.5
347 174.0
348 174.5
349 175.0
350 175.5
351 176.0
352 176.5
353 177.0
354 177.5
355 178.0
356 178.5
357 179.0
358 179.5
359 180.0
360 180.5
361 181.0
362 181.5
363 182.0
364 182.5
365 183.0
366 183.5
367 184.0
368 184.5
369 185.0
370 185.5
371 186.0
372 186.5
373 187.0
374 187.5
375 188.0
376 188.5
377 189.0
378 189.5
379 190.0
380 190.5
381 191.0
382 191.5
383 192.0
384 192.5
385 193.0
386 193.5
387 194.0
388 194.5
389 195.0
390 195.5
391 196.0
392 196.5
393 197.0
394 197.5
395 198.0
396 198.5
397 199.0
398 199.5
399 200.0
400 200.5
401 201.0
402 201.5
403 202.0
404 202.5
405 203.0
406 203.5
407 204.0
408 204.5
409 205.0
410 205.5
411 206.0
412 206.5
413 207.0
414 207.5
415 208.0
416 208.5
417 209.0
418 209.5
419 210.0
420 210.5
421 211.0
422 211.5
423 212.0
424 212.5
425 213.0
426 213.5
427 214.0
428 214.5
429 215.0
430 215.5
431 216.0
432 216.5
433 217.0
434 217.5
435 218.0
436 218.5
437 219.0
438 219.5
439 220.0
440 220.5
441 221.0
442 221.5
443 222.0
444 222.5
445 223.0
446 223.5
447 224.0
448 224.5
449 225.0
450 225.5
451 226.0
452 226.5
453 227.0
454 227.5
455 228.0
456 228.5
457 229.0
458 229.5
459 230.0
460 230.5
461 231.0
462 231.5
463 232.0
464 232.5
465 233.0
466 233.5
467 234.0
468 234.5
469 235.0
470 235.5
471 236.0
472 236.5
473 237.0
474 237.5
475 238.0
476 238.5
477 239.0
478 239.5
479 240.0
480 240.5
481 241.0
482 241.5
483 242.0
484 242.5
485 243.0
486 243.5
487 244.0
488 244.5
489 245.0
490 245.5
491 246.0
492 246.5
493 247.0
494 247.5
495 248.0
496 248.5
497 249.0
498 249.5
499 250.0
500 250.5
