1 2.0
2 3.0
3 4.0
4 4.5
5 4.4
6 4.666666666666667
7 5.142857142857143
8 5.5
9 5.777777777777778
10 6.0
11 6.363636363636363
12 6.666666666666667
13 7.076923076923077
14 7.285714285714286
15 7.466666666666667
16 7.75
17 7.764705882352941
18 7.777777777777778
19 7.894736842105263
20 8.1
21 8.285714285714286
22 8.363636363636363
23 8.26086956521739
24 8.5
25 8.72
26 8.923076923076923
27 8.962962962962964
28 9.071428571428571
29 9.241379310344827
30 9.466666666666667
31 9.548387096774194
32 9.625
33 9.757575757575758
34 9.882352941176471
35 10.0
36 10.11111111111111
37 10.324324324324325
38 10.473684210526315
39 10.512820512820513
40 10.65
41 10.731707317073171
42 10.857142857142858
43 10.930232558139535
44 11.090909090909092
45 11.2
46 11.347826086956522
47 11.319148936170214
48 11.375
49 11.428571428571429
50 11.52
51 11.490196078431373
52 11.5
53 11.660377358490566
54 11.851851851851851
55 11.854545454545455
56 11.892857142857142
57 11.964912280701755
58 12.03448275862069
59 12.033898305084746
60 12.1
61 12.19672131147541
62 12.258064516129032
63 12.380952380952381
64 12.53125
65 12.553846153846154
66 12.606060606060606
67 12.656716417910447
68 12.735294117647058
69 12.72463768115942
70 12.8
71 12.816901408450704
72 12.88888888888889
73 13.04109589041096
74 13.027027027027026
75 13.093333333333334
76 13.026315789473685
77 13.090909090909092
78 13.076923076923077
79 13.063291139240507
80 13.15
81 13.25925925925926
82 13.292682926829269
83 13.349397590361447
84 13.357142857142858
85 13.435294117647059
86 13.534883720930232
87 13.60919540229885
88 13.659090909090908
89 13.685393258426966
90 13.688888888888888
91 13.802197802197803
92 13.847826086956522
93 13.89247311827957
94 13.936170212765957
95 14.0
96 14.020833333333334
97 14.041237113402062
98 14.10204081632653
99 14.222222222222221
100 14.26
101 14.217821782178218
102 14.215686274509803
103 14.174757281553399
104 14.153846153846153
105 14.114285714285714
106 14.132075471698114
107 14.16822429906542
108 14.185185185185185
109 14.238532110091743
110 14.272727272727273
111 14.306306306306306
112 14.339285714285714
113 14.389380530973451
114 14.43859649122807
115 14.417391304347825
116 14.431034482758621
117 14.461538461538462
118 14.474576271186441
119 14.470588235294118
120 14.45
121 14.52892561983471
122 14.573770491803279
123 14.56910569105691
124 14.612903225806452
125 14.688
126 14.714285714285714
127 14.771653543307087
128 14.75
129 14.775193798449612
130 14.846153846153847
131 14.900763358778626
132 14.893939393939394
133 14.93233082706767
134 14.940298507462687
135 14.933333333333334
136 14.985294117647058
137 15.021897810218977
138 15.028985507246377
139 15.079136690647482
140 15.1
141 15.106382978723405
142 15.169014084507042
143 15.174825174825175
144 15.23611111111111
145 15.310344827586206
146 15.383561643835616
147 15.401360544217686
148 15.445945945945946
149 15.516778523489933
150 15.546666666666667
151 15.57615894039735
152 15.618421052631579
153 15.633986928104575
154 15.636363636363637
155 15.703225806451613
156 15.692307692307692
157 15.668789808917197
158 15.658227848101266
159 15.71069182389937
160 15.7375
161 15.751552795031056
162 15.790123456790123
163 15.779141104294478
164 15.78048780487805
165 15.793939393939393
166 15.795180722891565
167 15.820359281437126
168 15.869047619047619
169 15.881656804733728
170 15.894117647058824
171 15.871345029239766
172 15.872093023255815
173 15.907514450867051
174 15.954022988505747
175 15.954285714285714
176 15.988636363636363
177 16.045197740112993
178 16.10112359550562
179 16.134078212290504
180 16.166666666666668
181 16.1878453038674
182 16.208791208791208
183 16.19672131147541
184 16.206521739130434
185 16.194594594594594
186 16.193548387096776
187 16.192513368983956
188 16.22340425531915
189 16.243386243386244
190 16.294736842105262
191 16.31413612565445
192 16.291666666666668
193 16.321243523316063
194 16.350515463917525
195 16.358974358974358
196 16.397959183673468
197 16.446700507614214
198 16.494949494949495
199 16.55276381909548
200 16.58
201 16.63681592039801
202 16.643564356435643
203 16.679802955665025
204 16.666666666666668
205 16.673170731707316
206 16.718446601941746
207 16.734299516908212
208 16.759615384615383
209 16.74641148325359
210 16.80952380952381
211 16.824644549763033
212 16.839622641509433
213 16.863849765258216
214 16.85981308411215
215 16.88372093023256
216 16.935185185185187
217 16.930875576036865
218 16.954128440366972
219 17.004566210045663
220 17.054545454545455
221 17.058823529411764
222 17.063063063063062
223 17.05829596412556
224 17.0625
225 17.066666666666666
226 17.13274336283186
227 17.145374449339208
228 17.140350877192983
229 17.179039301310045
230 17.2
231 17.22077922077922
232 17.224137931034484
233 17.236051502145923
234 17.28205128205128
235 17.293617021276596
236 17.322033898305083
237 17.341772151898734
238 17.33613445378151
239 17.355648535564853
240 17.366666666666667
241 17.369294605809127
242 17.380165289256198
243 17.382716049382715
244 17.385245901639344
245 17.37142857142857
246 17.414634146341463
247 17.425101214574898
248 17.43548387096774
249 17.46987951807229
250 17.504
251 17.51394422310757
252 17.547619047619047
253 17.557312252964426
254 17.566929133858267
255 17.584313725490198
256 17.6171875
257 17.634241245136188
258 17.643410852713178
259 17.66023166023166
260 17.7
261 17.708812260536398
262 17.740458015267176
263 17.74144486692015
264 17.765151515151516
265 17.81132075471698
266 17.834586466165412
267 17.850187265917604
268 17.83582089552239
269 17.828996282527882
270 17.85185185185185
271 17.85239852398524
272 17.875
273 17.89010989010989
274 17.912408759124087
275 17.956363636363637
276 17.97826086956522
277 17.971119133574007
278 17.992805755395683
279 17.985663082437277
280 18.014285714285716
281 18.01423487544484
282 18.02836879432624
283 18.021201413427562
284 18.06338028169014
285 18.063157894736843
286 18.062937062937063
287 18.083623693379792
288 18.07638888888889
289 18.08304498269896
290 18.117241379310343
291 18.10996563573883
292 18.116438356164384
293 18.14334470989761
294 18.163265306122447
295 18.189830508474575
296 18.20945945945946
297 18.208754208754208
298 18.221476510067113
299 18.22742474916388
300 18.233333333333334
301 18.259136212624586
302 18.264900662251655
303 18.297029702970296
304 18.32236842105263
305 18.340983606557376
306 18.366013071895424
307 18.39087947882736
308 18.4025974025974
309 18.39482200647249
310 18.38064516129032
311 18.392282958199356
312 18.371794871794872
313 18.383386581469647
314 18.401273885350317
315 18.43174603174603
316 18.474683544303797
317 18.485804416403784
318 18.49056603773585
319 18.50783699059561
320 18.5
321 18.50467289719626
322 18.509316770186334
323 18.507739938080494
324 18.493827160493826
325 18.498461538461537
326 18.50920245398773
327 18.54434250764526
328 18.548780487804876
329 18.559270516717326
330 18.575757575757574
331 18.604229607250755
332 18.626506024096386
333 18.61861861861862
334 18.652694610778443
335 18.66268656716418
336 18.696428571428573
337 18.729970326409497
338 18.76923076923077
339 18.78466076696165
340 18.811764705882354
341 18.84457478005865
342 18.859649122807017
343 18.862973760932945
344 18.848837209302324
345 18.87536231884058
346 18.872832369942195
347 18.910662824207492
348 18.913793103448278
349 18.911174785100286
350 18.914285714285715
351 18.91168091168091
352 18.90909090909091
353 18.93484419263456
354 18.949152542372882
355 18.980281690140846
356 18.97752808988764
357 18.952380952380953
358 18.98324022346369
359 18.969359331476323
360 18.97222222222222
361 18.997229916897506
362 19.011049723756905
363 19.013774104683197
364 19.016483516483518
365 19.019178082191782
366 19.02185792349727
367 19.029972752043598
368 19.03804347826087
369 19.07859078590786
370 19.0972972972973
371 19.110512129380055
372 19.129032258064516
373 19.142091152815013
374 19.144385026737968
375 19.157333333333334
376 19.164893617021278
377 19.156498673740053
378 19.164021164021165
379 19.187335092348285
380 19.205263157894738
381 19.212598425196852
382 19.225130890052355
383 19.237597911227155
384 19.239583333333332
385 19.26233766233766
386 19.269430051813472
387 19.29198966408269
388 19.314432989690722
389 19.311053984575835
390 19.328205128205127
391 19.365728900255753
392 19.377551020408163
393 19.384223918575064
394 19.390862944162436
395 19.40759493670886
396 19.40909090909091
397 19.425692695214106
398 19.4321608040201
399 19.448621553884713
400 19.465
401 19.481296758104737
402 19.497512437810947
403 19.49379652605459
404 19.5
405 19.506172839506174
406 19.51231527093596
407 19.513513513513512
408 19.529411764705884
409 19.535452322738386
410 19.55609756097561
411 19.57177615571776
412 19.58252427184466
413 19.578692493946733
414 19.613526570048307
415 19.62409638554217
416 19.60576923076923
417 19.60671462829736
418 19.60287081339713
419 19.618138424821
420 19.633333333333333
421 19.653206650831354
422 19.654028436018958
423 19.6548463356974
424 19.669811320754718
425 19.656470588235294
426 19.657276995305164
427 19.66744730679157
428 19.677570093457945
429 19.678321678321677
430 19.693023255813955
431 19.693735498839906
432 19.72222222222222
433 19.745958429561203
434 19.76036866359447
435 19.78390804597701
436 19.788990825688074
437 19.80320366132723
438 19.80821917808219
439 19.813211845102504
440 19.8
441 19.81859410430839
442 19.832579185520363
443 19.851015801354404
444 19.855855855855857
445 19.865168539325843
446 19.8609865470852
447 19.86577181208054
448 19.875
449 19.870824053452115
450 19.875555555555554
451 19.88470066518847
452 19.893805309734514
453 19.898454746136867
454 19.894273127753305
455 19.912087912087912
456 19.92982456140351
457 19.921225382932167
458 19.912663755458514
459 19.92156862745098
460 19.943478260869565
461 19.94360086767896
462 19.93073593073593
463 19.930885529157667
464 19.94396551724138
465 19.944086021505377
466 19.96137339055794
467 19.98286937901499
468 19.974358974358974
469 19.97867803837953
470 19.97872340425532
471 19.97876857749469
472 19.978813559322035
473 19.99154334038055
474 19.9957805907173
475 20.004210526315788
476 20.00420168067227
477 19.9958071278826
478 20.00418410041841
479 20.025052192066806
480 20.041666666666668
481 20.037422037422036
482 20.024896265560166
483 20.016563146997928
484 20.024793388429753
485 20.016494845360825
486 20.037037037037038
487 20.04928131416838
488 20.065573770491802
489 20.06952965235174
490 20.073469387755104
491 20.077393075356415
492 20.09349593495935
493 20.125760649087223
494 20.13765182186235
495 20.14949494949495
496 20.14516129032258
497 20.15291750503018
498 20.160642570281123
499 20.17635270541082
500 20.184
