1 2
2 4
3 6
4 6
5 6
6 6
7 8
8 8
9 8
10 8
11 10
12 10
13 12
14 12
15 12
16 12
17 12
18 12
19 12
20 12
21 12
22 12
23 12
24 14
25 14
26 14
27 14
28 14
29 14
30 16
31 16
32 16
33 16
34 16
35 16
36 16
37 18
38 18
39 18
40 18
41 18
42 18
43 18
44 18
45 18
46 18
47 18
48 18
49 18
50 18
51 18
52 18
53 20
54 22
55 22
56 22
57 22
58 22
59 22
60 22
61 22
62 22
63 22
64 22
65 22
66 22
67 22
68 22
69 22
70 22
71 22
72 22
73 24
74 24
75 24
76 24
77 24
78 24
79 24
80 24
81 24
82 24
83 24
84 24
85 24
86 24
87 24
88 24
89 24
90 24
91 24
92 24
93 24
94 24
95 24
96 24
97 24
98 24
99 26
100 26
101 26
102 26
103 26
104 26
105 26
106 26
107 26
108 26
109 26
110 26
111 26
112 26
113 26
114 26
115 26
116 26
117 26
118 26
119 26
120 26
121 26
122 26
123 26
124 26
125 26
126 26
127 26
128 26
129 26
130 26
131 26
132 26
133 26
134 26
135 26
136 26
137 26
138 26
139 26
140 26
141 26
142 26
143 26
144 26
145 26
146 26
147 26
148 26
149 26
150 26
151 26
152 26
153 26
154 26
155 26
156 26
157 26
158 26
159 26
160 26
161 26
162 26
163 26
164 26
165 26
166 26
167 26
168 26
169 26
170 26
171 26
172 26
173 26
174 26
175 26
176 26
177 26
178 26
179 26
180 26
181 26
182 26
183 26
184 26
185 26
186 26
187 26
188 26
189 26
190 26
191 26
192 26
193 26
194 26
195 26
196 26
197 26
198 26
199 28
200 28
201 28
202 28
203 28
204 28
205 28
206 28
207 28
208 28
209 28
210 30
211 30
212 30
213 30
214 30
215 30
216 30
217 30
218 30
219 30
220 30
221 30
222 30
223 30
224 30
225 30
226 32
227 32
228 32
229 32
230 32
231 32
232 32
233 32
234 32
235 32
236 32
237 32
238 32
239 32
240 32
241 32
242 32
243 32
244 32
245 32
246 32
247 32
248 32
249 32
250 32
251 32
252 32
253 32
254 32
255 32
256 32
257 32
258 32
259 32
260 32
261 32
262 32
263 32
264 32
265 32
266 32
267 32
268 32
269 32
270 32
271 32
272 32
273 32
274 32
275 32
276 32
277 32
278 32
279 32
280 32
281 32
282 32
283 32
284 32
285 32
286 32
287 32
288 32
289 32
290 32
291 32
292 32
293 32
294 32
295 32
296 32
297 32
298 32
299 32
300 32
301 32
302 32
303 32
304 32
305 32
306 32
307 32
308 32
309 32
310 32
311 32
312 32
313 32
314 32
315 32
316 32
317 32
318 32
319 32
320 32
321 32
322 32
323 32
324 32
325 32
326 32
327 32
328 32
329 32
330 32
331 32
332 32
333 32
334 32
335 32
336 32
337 32
338 32
339 32
340 32
341 32
342 32
343 32
344 32
345 32
346 32
347 32
348 32
349 32
350 32
351 32
352 32
353 32
354 32
355 32
356 32
357 32
358 32
359 32
360 32
361 32
362 32
363 32
364 32
365 32
366 32
367 32
368 32
369 34
370 34
371 34
372 34
373 34
374 34
375 34
376 34
377 34
378 34
379 34
380 34
381 34
382 34
383 34
384 34
385 34
386 34
387 34
388 34
389 34
390 34
391 34
392 34
393 34
394 34
395 34
396 34
397 34
398 34
399 34
400 34
401 34
402 34
403 34
404 34
405 34
406 34
407 34
408 34
409 34
410 34
411 34
412 34
413 34
414 34
415 34
416 34
417 34
418 34
419 34
420 34
421 34
422 34
423 34
424 34
425 34
426 34
427 34
428 34
429 34
430 34
431 34
432 34
433 34
434 34
435 34
436 34
437 34
438 34
439 34
440 34
441 34
442 34
443 34
444 34
445 34
446 34
447 34
448 34
449 34
450 34
451 34
452 34
453 34
454 34
455 34
456 34
457 34
458 34
459 34
460 34
461 34
462 34
463 34
464 34
465 34
466 34
467 34
468 34
469 34
470 34
471 34
472 34
473 34
474 34
475 34
476 34
477 34
478 34
479 34
480 34
481 34
482 34
483 34
484 34
485 34
486 34
487 34
488 34
489 34
490 34
491 34
492 34
493 36
494 36
495 36
496 36
497 36
498 36
499 36
500 36
